NACIONAL NOCTURNO 21:00hs.  
1  6829  
2  6336  
3  2964  
4  6013  
5  8042  
6  0914  
7  0520  
8  9442  
9  9750  
10  5886  
 11  3911  
12  0745  
13  9012  
14  4036  
15  3175  
16  8477  
17  2520  
18  4991  
19  9941  
20  5501  
 
U - B - J - S 
 PROV. Bs. As. NOCTURNO 21:00hs.  
1  1576  
2  6737  
3  1494  
4  9593  
5  4197  
6  9057  
7  4551  
8  2183  
9  0684  
10  3863  
 11  5772  
12  7254  
13  7597  
14  7754  
15  8694  
16  2341  
17  2819  
18  7714  
19  5867  
20  7729  
 
 MONTEVIDEO NOCTURNO 21:00hs.  
1  182  
2  823  
3  975  
4  127  
5  863  
6  638  
7  491  
8  622  
9  315  
10  692  
 11  033  
12  401  
13  894  
14  542  
15  143  
16  778  
17  939  
18  716  
19  930  
20  505  
 
 